# x                    y                   
  9.999161860467e-01  -1.257209298899e-03
  9.996646906832e-01  -1.275484614962e-03
  9.989104711164e-01  -1.330269972141e-03
  9.976543265144e-01  -1.421444060707e-03
  9.958975874805e-01  -1.548806231786e-03
  9.936421140465e-01  -1.712078762526e-03
  9.908902928806e-01  -1.910909956308e-03
  9.876450337266e-01  -2.144878008628e-03
  9.839097650948e-01  -2.413495551683e-03
  9.796884292297e-01  -2.716214774860e-03
  9.749854763820e-01  -3.052433004325e-03
  9.698058584169e-01  -3.421498613300e-03
  9.641550217890e-01  -3.822717125348e-03
  9.580388999209e-01  -4.255357366460e-03
  9.514639050189e-01  -4.718657518046e-03
  9.444369193625e-01  -5.211830922073e-03
  9.369652861021e-01  -5.734071491812e-03
  9.290567996000e-01  -6.284558586731e-03
  9.207196953473e-01  -6.862461218120e-03
  9.119626394878e-01  -7.466941462834e-03
  9.027947179772e-01  -8.097156976001e-03
  8.932254254055e-01  -8.752262509409e-03
  8.832646535034e-01  -9.431410360323e-03
  8.729226793557e-01  -1.013374969542e-02
  8.622101533375e-01  -1.085842471599e-02
  8.511380867887e-01  -1.160457165318e-02
  8.397178394385e-01  -1.237131460556e-02
  8.279611065892e-01  -1.315776025501e-02
  8.158799060666e-01  -1.396299152087e-02
  8.034865649427e-01  -1.478606023555e-02
  7.907937060349e-01  -1.562597894716e-02
  7.778142341848e-01  -1.648171197619e-02
  7.645613223204e-01  -1.735216587223e-02
  7.510483973040e-01  -1.823617943481e-02
  7.372891255720e-01  -1.913251347659e-02
  7.232973985695e-01  -2.003984052021e-02
  7.090873179899e-01  -2.095673462867e-02
  6.946731808265e-01  -2.188166157564e-02
  6.800694642500e-01  -2.281296956450e-02
  6.652908103265e-01  -2.374888070415e-02
  6.503520105940e-01  -2.468748344516e-02
  6.352679905178e-01  -2.562672617199e-02
  6.200537938513e-01  -2.656441213537e-02
  6.047245669271e-01  -2.749819589421e-02
  5.892955429111e-01  -2.842558141830e-02
  5.737820260497e-01  -2.934392198210e-02
  5.581993759478e-01  -3.025042195603e-02
  5.425629919116e-01  -3.114214057591e-02
  5.268882973947e-01  -3.201599774296e-02
  5.111907245855e-01  -3.286878187722e-02
  4.954856991729e-01  -3.369715981667e-02
  4.797886253267e-01  -3.449768872290e-02
  4.641148709273e-01  -3.526682992295e-02
  4.484797530781e-01  -3.600096458541e-02
  4.328985239273e-01  -3.669641109918e-02
  4.173863568272e-01  -3.734944399398e-02
  4.019583328489e-01  -3.795631421480e-02
  3.867387794665e-01  -3.852558254541e-02
  3.716501597361e-01  -3.907285375945e-02
  3.566906519357e-01  -3.959389418950e-02
  3.418741399110e-01  -4.008416025645e-02
  3.272143404174e-01  -4.053909042681e-02
  3.127247967884e-01  -4.095413317737e-02
  2.984188731848e-01  -4.132477479395e-02
  2.843097493507e-01  -4.164656669062e-02
  2.704104157927e-01  -4.191515194127e-02
  2.567336692903e-01  -4.212629072481e-02
  2.432921086394e-01  -4.227588439970e-02
  2.300981305251e-01  -4.235999794146e-02
  2.171639254180e-01  -4.237488049859e-02
  2.045014733885e-01  -4.231698384810e-02
  1.921225397330e-01  -4.218297855993e-02
  1.800386703145e-01  -4.196976771121e-02
  1.682611865203e-01  -4.167449802425e-02
  1.568011797540e-01  -4.129456833778e-02
  1.456695053858e-01  -4.082763535693e-02
  1.348767760986e-01  -4.027161666479e-02
  1.244333545810e-01  -3.962469101544e-02
  1.143493455341e-01  -3.888529596511e-02
  1.046345869749e-01  -3.805212293408e-02
  9.529864083490e-02  -3.712410982641e-02
  8.635078287260e-02  -3.610043136693e-02
  7.779999193232e-02  -3.498048734526e-02
  6.965493860161e-02  -3.376388898384e-02
  6.192397333390e-02  -3.245044367123e-02
  5.461511411897e-02  -3.104013832263e-02
  4.773603379718e-02  -2.953312164632e-02
  4.129404712576e-02  -2.792968560806e-02
  3.529609771521e-02  -2.623024639373e-02
  2.974874496220e-02  -2.443532517558e-02
  2.465815111067e-02  -2.254552898729e-02
  2.003006857620e-02  -2.056153200917e-02
  1.586982766935e-02  -1.848405755654e-02
  1.218232485146e-02  -1.631386105196e-02
  8.972011652319e-03  -1.405171424568e-02
  6.242884371866e-03  -1.169839092878e-02
  3.998474678906e-03  -9.254654360172e-03
  2.241841208398e-03  -6.721246602102e-03
  9.755622455037e-04  -4.098879929898e-03
  2.017295695198e-04  -1.388230450103e-03
 -7.711908717712e-05   1.400690527852e-03
  1.457457700527e-04   4.210932148225e-03
  8.718683438086e-04   7.032011608124e-03
  2.101354344206e-03   9.862311767852e-03
  3.833805427577e-03   1.269971367889e-02
  6.068316007571e-03   1.554160879566e-02
  8.803469890825e-03   1.838491530238e-02
  1.203733680639e-02   2.122609838979e-02
  1.576746891218e-02   2.406119427737e-02
  1.999089737414e-02   2.688583774011e-02
  2.470412912413e-02   2.969529286570e-02
  2.990314391119e-02   3.248448673708e-02
  3.558339176638e-02   3.524804570911e-02
  4.173979100536e-02   3.798033392507e-02
  4.836672689357e-02   4.067549370023e-02
  5.545805109755e-02   4.332748738565e-02
  6.300708204168e-02   4.593014031559e-02
  7.100660628318e-02   4.847718443728e-02
  7.944888100948e-02   5.096230222117e-02
  8.832563775070e-02   5.337917045459e-02
  9.762808738761e-02   5.572150353031e-02
  1.073469265204e-01   5.798309585538e-02
  1.174723452478e-01   6.015786302272e-02
  1.279940363896e-01   6.223988140997e-02
  1.389012061668e-01   6.422342589509e-02
  1.501825863367e-01   6.610300540665e-02
  1.618264477618e-01   6.787339605834e-02
  1.738206153743e-01   6.952967165083e-02
  1.861524844785e-01   7.106723135969e-02
  1.988090383227e-01   7.248182446567e-02
  2.117768668513e-01   7.376957202099e-02
  2.250421865398e-01   7.492698538433e-02
  2.385908612025e-01   7.595098159492e-02
  2.524084236521e-01   7.683889559369e-02
  2.664800980870e-01   7.758848933587e-02
  2.807908230735e-01   7.819795787341e-02
  2.953252749914e-01   7.866593251823e-02
  3.100678918080e-01   7.899148122644e-02
  3.250028970506e-01   7.917410637046e-02
  3.401143238498e-01   7.921374008860e-02
  3.553860389331e-01   7.911073742147e-02
  3.708017664570e-01   7.886586745952e-02
  3.863451115719e-01   7.848030273781e-02
  4.019837179471e-01   7.795588255467e-02
  4.176092885540e-01   7.731542468299e-02
  4.333151959682e-01   7.657462619078e-02
  4.490854024053e-01   7.573654904195e-02
  4.649038294247e-01   7.480444589405e-02
  4.807543755971e-01   7.378174274664e-02
  4.966209339173e-01   7.267202208119e-02
  5.124874089511e-01   7.147900667105e-02
  5.283377337099e-01   7.020654421648e-02
  5.441558862520e-01   6.885859293437e-02
  5.599259060111e-01   6.743920820543e-02
  5.756319098546e-01   6.595253035421e-02
  5.912581078779e-01   6.440277360917e-02
  6.067888189407e-01   6.279421626231e-02
  6.222084859525e-01   6.113119202045e-02
  6.375016909128e-01   5.941808251422e-02
  6.526531697129e-01   5.765931090584e-02
  6.676478267032e-01   5.585933651417e-02
  6.824707490287e-01   5.402265035462e-02
  6.971072207320e-01   5.215377147373e-02
  7.115427366238e-01   5.025724394284e-02
  7.257630159134e-01   4.833763436330e-02
  7.397540155929e-01   4.639952972663e-02
  7.535019435652e-01   4.444753546761e-02
  7.669932715005e-01   4.248627354611e-02
  7.802147474086e-01   4.052038039464e-02
  7.931534079064e-01   3.855450457336e-02
  8.057965901638e-01   3.659330398168e-02
  8.181319435057e-01   3.464144248679e-02
  8.301474406489e-01   3.270358584270e-02
  8.418313885531e-01   3.078439678965e-02
  8.531724388640e-01   2.888852924190e-02
  8.641595979272e-01   2.702062149215e-02
  8.747822363560e-01   2.518528838253e-02
  8.850300981345e-01   2.338711241450e-02
  8.948933092417e-01   2.163063379383e-02
  9.043623857847e-01   1.992033942994e-02
  9.134282416342e-01   1.826065093261e-02
  9.220821955540e-01   1.665591167180e-02
  9.303159778269e-01   1.511037298803e-02
  9.381217363765e-01   1.362817966120e-02
  9.454920423927e-01   1.221335476450e-02
  9.524198954699e-01   1.086978404633e-02
  9.588987282719e-01   9.601199997768e-03
  9.649224107387e-01   8.411165774142e-03
  9.704852538558e-01   7.303059148632e-03
  9.755820130058e-01   6.280056681100e-03
  9.802078909272e-01   5.345118288376e-03
  9.843585403037e-01   4.500972401720e-03
  9.880300660091e-01   3.750101893663e-03
  9.912190270344e-01   3.094730949924e-03
  9.939224381190e-01   2.536813052523e-03
  9.961377711127e-01   2.078020227993e-03
  9.978629560867e-01   1.719733699653e-03
  9.990963822151e-01   1.463036065774e-03
  9.998368984430e-01   1.308705106178e-03
  1.000083813953e+00   1.257209298899e-03
