# Sweep Angles Grid      Taper Ratio    Aspect Ratio   CL        CD_i                          K_D                           
5              40        1.0            4.0            0.1       0.0007242169920831937         -0.08992208722661676          
5              40        1.0            4.0            0.3       0.006415194180172295          -0.10426991520972084          
5              40        1.0            4.0            0.5       0.01779184720592008           -0.10568421638543024          
5              40        1.0            8.0            0.1       0.0004247821987318106         0.06759410792926035           
5              40        1.0            8.0            0.3       0.0037078472412364187         0.03542628032902351           
5              40        1.0            8.0            0.5       0.01028285254283008           0.03374508820806721           
5              40        1.0            12.0           0.1       0.0002925914790127295         0.1030438891632357            
5              40        1.0            12.0           0.3       0.0024067553868654455         0.00813933898188579           
5              40        1.0            12.0           0.5       0.0066861959630566134         0.008254597664018704          
5              40        1.0            16.0           0.1       0.00022563988056210216        0.13418974580924536           
5              40        1.0            16.0           0.3       0.0017999231481209497         0.00526672696230901           
5              40        1.0            16.0           0.5       0.005000517720460627          0.005413743023659823          
5              40        0.5            4.0            0.1       0.0008009746209606999         0.0065343939688014            
5              40        0.5            4.0            0.3       0.006814944036571623          -0.04845430578137855          
5              40        0.5            4.0            0.5       0.01888949034868598           -0.05051065424820511          
5              40        0.5            8.0            0.1       0.00040475549910196383        0.01726152198303965           
5              40        0.5            8.0            0.3       0.0032296574109078467         -0.09810951149156233          
5              40        0.5            8.0            0.5       0.008978986615659736          -0.09733381156999343          
5              40        0.5            12.0           0.1       0.0002727416196740859         0.028211682435547614          
5              40        0.5            12.0           0.3       0.0020404139465432895         -0.14531340470099263          
5              40        0.5            12.0           0.5       0.005671673997289256          -0.14473171055487122          
5              40        0.5            16.0           0.1       0.00020660912270912667        0.038530723308198844          
5              40        0.5            16.0           0.3       0.001467859241386062          -0.18019274502358418          
5              40        0.5            16.0           0.5       0.00408011219666816           -0.17964476781601246          
5              40        0.0            4.0            0.1       0.0007479013028014188         -0.06015950460353103          
5              40        0.0            4.0            0.3       0.006732799315794602          -0.0599238725069019           
5              40        0.0            4.0            0.5       0.01873397259479348           -0.05832782917830859          
5              40        0.0            8.0            0.1       0.0003328877993907128         -0.16336170797157135          
5              40        0.0            8.0            0.3       0.00299824538940294           -0.16273193875486713          
5              40        0.0            8.0            0.5       0.008341080819091113          -0.16146309682382798          
5              40        0.0            12.0           0.1       0.00020809312076717286        -0.21550741664233153          
5              40        0.0            12.0           0.3       0.0018742490169387145         -0.2149164076516591           
5              40        0.0            12.0           0.5       0.005214119715539093          -0.2137292707227848           
5              40        0.0            16.0           0.1       0.00014690122669343004        -0.2615938966665463           
5              40        0.0            16.0           0.3       0.0013231969627338258         -0.26098740313299296          
5              40        0.0            16.0           0.5       0.003681597721430217          -0.2597708572724421           
5              80        1.0            4.0            0.1       0.0007272977312561999         -0.08605071620519966          
5              80        1.0            4.0            0.3       0.006537298315918167          -0.0872209616171804           
5              80        1.0            4.0            0.5       0.01812244543677297           -0.08906653681203469          
5              80        1.0            8.0            0.1       0.0004247871030399291         0.06760643379994513           
5              80        1.0            8.0            0.3       0.003823063705090689          0.06760078667721658           
5              80        1.0            8.0            0.5       0.010335796072961922          0.039067552378221126          
5              80        1.0            12.0           0.1       0.0002925946475382602         0.10305583422307141           
5              80        1.0            12.0           0.3       0.0023978053128973355         0.004390340764912626          
5              80        1.0            12.0           0.5       0.006661473096294986          0.004526477187506206          
5              80        1.0            16.0           0.1       0.00022564204312695645        0.13420061604582              
5              80        1.0            16.0           0.3       0.00179275743788097           0.0012646393805006984         
5              80        1.0            16.0           0.5       0.004980657978722365          0.001420705023844393          
5              80        0.5            4.0            0.1       0.0008009529466271821         0.006507157198020863          
5              80        0.5            4.0            0.3       0.006831606615473968          -0.04612777087162434          
5              80        0.5            4.0            0.5       0.0189373353435862            -0.04810570249637203          
5              80        0.5            8.0            0.1       0.00040473370885385273        0.017206757116330795          
5              80        0.5            8.0            0.3       0.0032264503935089043         -0.099005079696047            
5              80        0.5            8.0            0.5       0.008969948863577343          -0.09824238550749775          
5              80        0.5            12.0           0.1       0.0002727209606362014         0.028133799697569684          
5              80        0.5            12.0           0.3       0.002037104221062013          -0.14669977926864297          
5              80        0.5            12.0           0.5       0.005661997875165881          -0.14619083539541677          
5              80        0.5            16.0           0.1       0.00020658966888848163        0.03843293774016243           
5              80        0.5            16.0           0.3       0.0014630397474749005         -0.18288445820853083          
5              80        0.5            16.0           0.5       0.004066847621040354          -0.1823117689901118           
5              80        0.0            4.0            0.1       0.0007413272636492299         -0.06842068584550232          
5              80        0.0            4.0            0.3       0.006671629808011886          -0.06846474700796334          
5              80        0.0            4.0            0.5       0.01856300371694238           -0.06692166230870078          
5              80        0.0            8.0            0.1       0.0003309268331051035         -0.16829015379301715          
5              80        0.0            8.0            0.3       0.002980596386274705          -0.1676604701833868           
5              80        0.0            8.0            0.5       0.008292057979444054          -0.166391410196414            
5              80        0.0            12.0           0.1       0.00020543639304871803        -0.2255230441817948           
5              80        0.0            12.0           0.3       0.0018503734822368995         -0.22491736824095898          
5              80        0.0            12.0           0.5       0.005147994331006665          -0.2237007437914028           
5              80        0.0            16.0           0.1       0.0001436979346133163         -0.27769539885244665          
5              80        0.0            16.0           0.3       0.001294421826721906          -0.27705847084874313          
5              80        0.0            16.0           0.5       0.0036019695749656576         -0.27578104606937215          
5              160       1.0            4.0            0.1       0.00072817467065285           -0.08494872165873579          
5              160       1.0            4.0            0.3       0.006545525078861812          -0.08607228881599904          
5              160       1.0            4.0            0.5       0.018144575403357444          -0.08795416336489914          
5              160       1.0            8.0            0.1       0.0004247884050518394         0.06760970611278716           
5              160       1.0            8.0            0.3       0.0038230754777605533         0.06760407422683046           
5              160       1.0            8.0            0.5       0.010347654995736554          0.04025974132760579           
5              160       1.0            12.0           0.1       0.00029259555381233924        0.10305925079585809           
5              160       1.0            12.0           0.3       0.00239464749414494           0.0030675967390600967         
5              160       1.0            12.0           0.5       0.00665275446431881           0.003211738459552249          
5              160       1.0            16.0           0.1       0.00022564273701507223        0.13420410390791115           
5              160       1.0            16.0           0.3       0.001790396473632325          -5.3971808642860886e-05       
5              160       1.0            16.0           0.5       0.004974107519405293          0.00010365703228276679        
5              160       0.5            4.0            0.1       0.0008009475578995443         0.006500385523157126          
5              160       0.5            4.0            0.3       0.006836262413803978          -0.04547769879028418          
5              160       0.5            4.0            0.5       0.018951185240947365          -0.04740953072352716          
5              160       0.5            8.0            0.1       0.0004047283259437            0.01719322838753845           
5              160       0.5            8.0            0.3       0.0032257571432079643         -0.0991986717007165           
5              160       0.5            8.0            0.5       0.008967644783357558          -0.09847401691523405          
5              160       0.5            12.0           0.1       0.00027271590396641353        0.028114736501581028          
5              160       0.5            12.0           0.3       0.0020365636560494994         -0.1469262106115896           
5              160       0.5            12.0           0.5       0.005660339347223009          -0.1464409355170695           
5              160       0.5            16.0           0.1       0.00020658495622504164        0.038409249310015436          
5              160       0.5            16.0           0.3       0.0014625125344661682         -0.18317890950010618          
5              160       0.5            16.0           0.5       0.004065393908620737          -0.18260405521461742          
5              160       0.0            4.0            0.1       0.0007391017036703574         -0.0712174069974022           
5              160       0.0            4.0            0.3       0.006651902176730826          -0.0712192439637549           
5              160       0.0            4.0            0.5       0.018508057610223946          -0.06968355487206068          
5              160       0.0            8.0            0.1       0.00033060218502680973        -0.169106083407233            
5              160       0.0            8.0            0.3       0.002977671580191693          -0.1684772301214813           
5              160       0.0            8.0            0.5       0.008283918693489493          -0.16720966046714403          
5              160       0.0            12.0           0.1       0.00020494628452341594        -0.22737070979285567          
5              160       0.0            12.0           0.3       0.0018459694903778814         -0.22676210803706043          
5              160       0.0            12.0           0.5       0.005135800391208673          -0.22553954659241182          
5              160       0.0            16.0           0.1       0.00014303553068859123        -0.28102500413824716          
5              160       0.0            16.0           0.3       0.001288475230744905          -0.2803796765794476           
5              160       0.0            16.0           0.5       0.0035855350154665637         -0.2790854103181618           
10             40        1.0            4.0            0.1       0.0008184685421664147         0.028517903705742365          
10             40        1.0            4.0            0.3       0.006361869396795145          -0.11171545955247297          
10             40        1.0            4.0            0.5       0.017638676292939984          -0.11338342622482078          
10             40        1.0            8.0            0.1       0.0004247821987318106         0.06759410792926035           
10             40        1.0            8.0            0.3       0.0037592268918472966         0.04977418547596968           
10             40        1.0            8.0            0.5       0.010270438154405129          0.03249705776087897           
10             40        1.0            12.0           0.1       0.0002925914790127298         0.10304388916323659           
10             40        1.0            12.0           0.3       0.0024065962312236947         0.008072672022565675          
10             40        1.0            12.0           0.5       0.006682375088927343          0.007678423419467784          
10             40        1.0            16.0           0.1       0.00022563988056210216        0.13418974580924536           
10             40        1.0            16.0           0.3       0.0017999029842610066         0.005255465338439791          
10             40        1.0            16.0           0.5       0.0050009049879170195         0.005491607765802264          
10             40        0.5            4.0            0.1       0.0008009748959384482         0.006534739516030896          
10             40        0.5            4.0            0.3       0.006563147209601048          -0.08361177519506646          
10             40        0.5            4.0            0.5       0.01820312093510177           -0.08501134396604337          
10             40        0.5            8.0            0.1       0.00040475571119314547        0.017262055026318057          
10             40        0.5            8.0            0.3       0.003226698139069026          -0.09893589608434594          
10             40        0.5            8.0            0.5       0.008970722324393726          -0.09816462874530296          
10             40        0.5            12.0           0.1       0.0002727420038687252         0.028213130815214926          
10             40        0.5            12.0           0.3       0.0020400471903005927         -0.1454670311966879           
10             40        0.5            12.0           0.5       0.005669807283511193          -0.14501320436086418          
10             40        0.5            16.0           0.1       0.00020660951848649334        0.03853271270222702           
10             40        0.5            16.0           0.3       0.001467859241386062          -0.18019274502358418          
10             40        0.5            16.0           0.5       0.004080018951967457          -0.17966351577548234          
10             40        0.0            4.0            0.1       0.0008707534561546618         0.09422106437736288           
10             40        0.0            4.0            0.3       0.0067177691437144745         -0.062022480426418225         
10             40        0.0            4.0            0.5       0.018610106660276723          -0.0645540101368347           
10             40        0.0            8.0            0.1       0.00045954509272619213        0.15496278984147627           
10             40        0.0            8.0            0.3       0.0029982453894029375         -0.1627319387548677           
10             40        0.0            8.0            0.5       0.008341080819091115          -0.16146309682382776          
10             40        0.0            12.0           0.1       0.00031646653056659354        0.19305071304207178           
10             40        0.0            12.0           0.3       0.0018742490169387108         -0.21491640765166065          
10             40        0.0            12.0           0.5       0.005214119715539108          -0.21372927072278258          
10             40        0.0            16.0           0.1       0.0002426092691130502         0.21948719606135603           
10             40        0.0            16.0           0.3       0.0013231969627338302         -0.2609874031329906           
10             40        0.0            16.0           0.5       0.0036815977214302116         -0.2597708572724432           
10             80        1.0            4.0            0.1       0.0008184776856416951         0.02852939373564989           
10             80        1.0            4.0            0.3       0.006537116473287366          -0.08724635163820416          
10             80        1.0            4.0            0.5       0.018116612215796985          -0.0893597464786734           
10             80        1.0            8.0            0.1       0.0004247871030399291         0.06760643379994513           
10             80        1.0            8.0            0.3       0.003823063726103345          0.0676007925450568            
10             80        1.0            8.0            0.5       0.010189087098343727          0.02431875759818225           
10             80        1.0            12.0           0.1       0.0002925946475382596         0.10305583422306919           
10             80        1.0            12.0           0.3       0.0023969830650693007         0.004045918400114701          
10             80        1.0            12.0           0.5       0.00666022716775971           0.0043385955907069285         
10             80        1.0            16.0           0.1       0.00022564204312695645        0.13420061604582              
10             80        1.0            16.0           0.3       0.0017929159153318422         0.0013531498863530445         
10             80        1.0            16.0           0.5       0.004980761036503531          0.0014414260202098017         
10             80        0.5            4.0            0.1       0.0008009531769111739         0.0065074465814198845         
10             80        0.5            4.0            0.3       0.006822163027908741          -0.04744634444133322          
10             80        0.5            4.0            0.5       0.018912920820748014          -0.049332910265801555         
10             80        0.5            8.0            0.1       0.0004047339474289592         0.01720735672097229           
10             80        0.5            8.0            0.3       0.0032236310062964155         -0.09979240113199195          
10             80        0.5            8.0            0.5       0.008960882674340332          -0.09915381825959535          
10             80        0.5            12.0           0.1       0.00027272136945954436        0.02813534092526271           
10             80        0.5            12.0           0.3       0.0020362675525554203         -0.14705024215314977          
10             80        0.5            12.0           0.5       0.005659969078369298          -0.14649677074478185          
10             80        0.5            16.0           0.1       0.00020659008744324458        0.03843504162587208           
10             80        0.5            16.0           0.3       0.0014629680138363188         -0.1829245218302169           
10             80        0.5            16.0           0.5       0.004066485338549344          -0.1823846102068979           
10             80        0.0            4.0            0.1       0.0007387492643107652         -0.07166029535857432          
10             80        0.0            4.0            0.3       0.006484672115964085          -0.09456896531327341          
10             80        0.0            4.0            0.5       0.018041120939629163          -0.0931543518965765           
10             80        0.0            8.0            0.1       0.0004597489079775543         0.15547503343857128           
10             80        0.0            8.0            0.3       0.0029805963862747017         -0.1676604701833876           
10             80        0.0            8.0            0.5       0.008292057979444073          -0.16639141019641202          
10             80        0.0            12.0           0.1       0.00031660255276548917        0.19356350465100247           
10             80        0.0            12.0           0.3       0.0018503734822368978         -0.22491736824095976          
10             80        0.0            12.0           0.5       0.00514799433100668           -0.2237007437914006           
10             80        0.0            16.0           0.1       0.0002427104756594237         0.21999591564948728           
10             80        0.0            16.0           0.3       0.001294421826721906          -0.27705847084874313          
10             80        0.0            16.0           0.5       0.0036019695749656263         -0.2757810460693785           
10             160       1.0            4.0            0.1       0.0008184800174027237         0.028532323912976887          
10             160       1.0            4.0            0.3       0.006544098693138849          -0.08627144983415214          
10             160       1.0            4.0            0.5       0.018138260215938673          -0.08827159930731276          
10             160       1.0            8.0            0.1       0.0004247884050518394         0.06760970611278716           
10             160       1.0            8.0            0.3       0.0036659700591927555         0.023731964999119892          
10             160       1.0            8.0            0.5       0.01018128430785276           0.02353433554109663           
10             160       1.0            12.0           0.1       0.00029259555381233983        0.10305925079586031           
10             160       1.0            12.0           0.3       0.0023939529192106494         0.002776653870935508          
10             160       1.0            12.0           0.5       0.006651556892188653          0.0030311488368526263         
10             160       1.0            16.0           0.1       0.00022564273701507223        0.13420410390791115           
10             160       1.0            16.0           0.3       0.0017906327460748858         7.79876170984295e-05          
10             160       1.0            16.0           0.5       0.004974304068829399          0.00014317563880039685        
10             160       0.5            4.0            0.1       0.0008009477757242803         0.006500659249793372          
10             160       0.5            4.0            0.3       0.006826401845561601          -0.04685449384586082          
10             160       0.5            4.0            0.5       0.01892520725459083           -0.04871532674101098          
10             160       0.5            8.0            0.1       0.0004047285748815002         0.01719385403646978           
10             160       0.5            8.0            0.3       0.0032224144124252617         -0.10013213823137146          
10             160       0.5            8.0            0.5       0.008958599067834166          -0.09938339142514607          
10             160       0.5            12.0           0.1       0.0002727163208404429         0.028116308079646712          
10             160       0.5            12.0           0.3       0.0020357769042918354         -0.14725576441719979          
10             160       0.5            12.0           0.5       0.005658342186159247          -0.1467421003103152           
10             160       0.5            16.0           0.1       0.00020658538062051212        0.03841138255432308           
10             160       0.5            16.0           0.3       0.0014623680541228374         -0.1832596025463632           
10             160       0.5            16.0           0.5       0.004065004016471589          -0.1826824476825506           
10             160       0.0            4.0            0.1       0.0007365508674399492         -0.07442288234218664          
10             160       0.0            4.0            0.3       0.006463861705284436          -0.09747464679368989          
10             160       0.0            4.0            0.5       0.017982523269871396          -0.09609979203783225          
10             160       0.0            8.0            0.1       0.0004598007866177009         0.15560541868238165           
10             160       0.0            8.0            0.3       0.002977671580191706          -0.16847723012147775          
10             160       0.0            8.0            0.5       0.008283918693489538          -0.1672096604671396           
10             160       0.0            12.0           0.1       0.0003166369517636952         0.19369318581906847           
10             160       0.0            12.0           0.3       0.00184596949037789           -0.22676210803705688          
10             160       0.0            12.0           0.5       0.005135800391208765          -0.22553954659239794          
10             160       0.0            16.0           0.1       0.00024273599643018936        0.22012419703500963           
10             160       0.0            16.0           0.3       0.0012884752307449094         -0.2803796765794452           
10             160       0.0            16.0           0.5       0.0035855350154666006         -0.27908541031815437          
20             40        1.0            4.0            0.1       0.0008184691669056052         0.028518688776162815          
20             40        1.0            4.0            0.3       0.006360982768780769          -0.11183925617720325          
20             40        1.0            4.0            0.5       0.017634674174979922          -0.11358459461493486          
20             40        1.0            8.0            0.1       0.0004247821987318106         0.06759410792926035           
20             40        1.0            8.0            0.3       0.003823019934981261          0.06758856375684075           
20             40        1.0            8.0            0.5       0.01016499497160415           0.021896752850201207          
20             40        1.0            12.0           0.1       0.0002925914790127298         0.10304388916323659           
20             40        1.0            12.0           0.3       0.0026330892682183116         0.10294585350410301           
20             40        1.0            12.0           0.5       0.006676410923552927          0.006779048469464977          
20             40        1.0            16.0           0.1       0.00022563988056210216        0.13418974580924536           
20             40        1.0            16.0           0.3       0.001799827112258408          0.00521309041826612           
20             40        1.0            16.0           0.5       0.004995609180221062          0.004426822450445789          
20             40        0.5            4.0            0.1       0.0008009752138765011         0.0065351390487715655         
20             40        0.5            4.0            0.3       0.006553105487527952          -0.08501386409703215          
20             40        0.5            4.0            0.5       0.018174869857192865          -0.08643139802707711          
20             40        0.5            8.0            0.1       0.000404755711193145          0.017262055026316947          
20             40        0.5            8.0            0.3       0.003227044593820249          -0.09883914766645752          
20             40        0.5            8.0            0.5       0.008969329190530445          -0.09830468183683416          
20             40        0.5            12.0           0.1       0.000272742003868725          0.02821313081521426           
20             40        0.5            12.0           0.3       0.002040468444433379          -0.1452905766781737           
20             40        0.5            12.0           0.5       0.005669551009843091          -0.14505184951956895          
20             40        0.5            16.0           0.1       0.00020660951848649334        0.03853271270222702           
20             40        0.5            16.0           0.3       0.0014677208096544648         -0.18027005988776357          
20             40        0.5            16.0           0.5       0.004079719312633788          -0.17972376183816274          
20             40        0.0            4.0            0.1       0.0008707544539145835         0.09422231819945881           
20             40        0.0            4.0            0.3       0.006555978831434216          -0.08461266960338087          
20             40        0.0            4.0            0.5       0.018232947229634113          -0.0835121108814576           
20             40        0.0            8.0            0.1       0.0004595459063913833         0.15496483480514578           
20             40        0.0            8.0            0.3       0.002998245389402952          -0.1627319387548637           
20             40        0.0            8.0            0.5       0.008341080819091141          -0.1614630968238252           
20             40        0.0            12.0           0.1       0.00031646782563614774        0.19305559533926853           
20             40        0.0            12.0           0.3       0.0018753265018907927         -0.21446507181035201          
20             40        0.0            12.0           0.5       0.005214119715539089          -0.21372927072278547          
20             40        0.0            16.0           0.1       0.0002426103354873293         0.21949255624311803           
20             40        0.0            16.0           0.3       0.0013246206759072736         -0.26019225169361115          
20             40        0.0            16.0           0.5       0.003681597721430217          -0.2597708572724421           
20             80        1.0            4.0            0.1       0.0008184782568530769         0.028530111541042347          
20             80        1.0            4.0            0.3       0.006537002912906827          -0.08726220765852599          
20             80        1.0            4.0            0.5       0.017805835156376446          -0.10498110530715032          
20             80        1.0            8.0            0.1       0.0004247871030399291         0.06760643379994513           
20             80        1.0            8.0            0.3       0.0038230642824327934         0.06760094790154647           
20             80        1.0            8.0            0.5       0.010162667725177953          0.021662792521380814          
20             80        1.0            12.0           0.1       0.0002925946475382603         0.10305583422307185           
20             80        1.0            12.0           0.3       0.002633117298301736          0.10295759471799171           
20             80        1.0            12.0           0.5       0.006661422561382054          0.004518856702167895          
20             80        1.0            16.0           0.1       0.00022564204312695645        0.13420061604582              
20             80        1.0            16.0           0.3       0.0017959485228506201         0.0030468774423020317         
20             80        1.0            16.0           0.5       0.004980904110284315          0.001470192710682161          
20             80        0.5            4.0            0.1       0.0008009534515352476         0.006507791684208675          
20             80        0.5            4.0            0.3       0.0068215221326934            -0.04753583029467723          
20             80        0.5            4.0            0.5       0.018910537172112326          -0.04945272551448343          
20             80        0.5            8.0            0.1       0.00040473394742895983        0.017207356720973843          
20             80        0.5            8.0            0.3       0.003223949107094294          -0.09970357063157265          
20             80        0.5            8.0            0.5       0.00896165424709114           -0.09907625130645459          
20             80        0.5            12.0           0.1       0.00027272136945954436        0.02813534092526271           
20             80        0.5            12.0           0.3       0.0020370474545020082         -0.1467235575896937           
20             80        0.5            12.0           0.5       0.0056596555511112786         -0.1465440495414455           
20             80        0.5            16.0           0.1       0.0002065900874432452         0.03843504162587519           
20             80        0.5            16.0           0.3       0.0014632565890494106         -0.18276335102675778          
20             80        0.5            16.0           0.5       0.004065940980861625          -0.18249405981410827          
20             80        0.0            4.0            0.1       0.0008711458979711858         0.09471422130846419           
20             80        0.0            4.0            0.3       0.006486779458042891          -0.09427472485134547          
20             80        0.0            4.0            0.5       0.018040633921622102          -0.093178832091667            
20             80        0.0            8.0            0.1       0.00045974978399787147        0.15547723511776557           
20             80        0.0            8.0            0.3       0.0029805963862746705         -0.16766047018339647          
20             80        0.0            8.0            0.5       0.008292057979443958          -0.16639141019642356          
20             80        0.0            12.0           0.1       0.00031660394725000873        0.19356876173378912           
20             80        0.0            12.0           0.3       0.0018512260947933703         -0.22456022672845677          
20             80        0.0            12.0           0.5       0.005147994331006707          -0.2237007437913966           
20             80        0.0            16.0           0.1       0.00024271163265212887        0.22000173132914003           
20             80        0.0            16.0           0.3       0.0012958997415670036         -0.2762330474851894           
20             80        0.0            16.0           0.5       0.0036019695749656064         -0.2757810460693825           
20             160       1.0            4.0            0.1       0.0008184805716156259         0.028533020357449868          
20             160       1.0            4.0            0.3       0.0065473978921801275         -0.08581079474656061          
20             160       1.0            4.0            0.5       0.01813827082583201           -0.0882710659959055           
20             160       1.0            8.0            0.1       0.0004247884050518394         0.06760970611278716           
20             160       1.0            8.0            0.3       0.0038230760346869533         0.06760422975002056           
20             160       1.0            8.0            0.5       0.01009013466702603           0.014370974197141395          
20             160       1.0            12.0           0.1       0.00029259555381233934        0.10305925079585854           
20             160       1.0            12.0           0.3       0.0026331253949969857         0.10296098625376704           
20             160       1.0            12.0           0.5       0.006652298899013719          0.003143040829998389          
20             160       1.0            16.0           0.1       0.00022564273701507223        0.13420410390791115           
20             160       1.0            16.0           0.3       0.0017936471093446742         0.0017615256621861253         
20             160       1.0            16.0           0.5       0.00497479014125324           0.00024090629837481004        
20             160       0.5            4.0            0.1       0.0008009480396195494         0.006500990870369039          
20             160       0.5            4.0            0.3       0.00682571607058049           -0.04695024609664622          
20             160       0.5            4.0            0.5       0.018922611518361637          -0.04884580267490368          
20             160       0.5            8.0            0.1       0.0004047285748815005         0.017193854036470668          
20             160       0.5            8.0            0.3       0.0032224543538065557         -0.10012098449358942          
20             160       0.5            8.0            0.5       0.008958843217318864          -0.09935884684186602          
20             160       0.5            12.0           0.1       0.0002727163208404421         0.028116308079643604          
20             160       0.5            12.0           0.3       0.002035540841171784          -0.14735464630569806          
20             160       0.5            12.0           0.5       0.005658560468587321          -0.14670918409563782          
20             160       0.5            16.0           0.1       0.00020658538062051163        0.03841138255432064           
20             160       0.5            16.0           0.3       0.0014627757832222398         -0.18303188365865874          
20             160       0.5            16.0           0.5       0.004064491589850452          -0.1827854771678925           
20             160       0.0            4.0            0.1       0.0008712481053088261         0.0948426588368938            
20             160       0.0            4.0            0.3       0.006462047987339519          -0.09772788959242051          
20             160       0.0            4.0            0.5       0.017971560373965027          -0.09665084728969664          
20             160       0.0            8.0            0.1       0.00045980167993357296        0.15560766383004632           
20             160       0.0            8.0            0.3       0.002977671580191632          -0.1684772301214985           
20             160       0.0            8.0            0.5       0.00828391869348935           -0.16720966046715835          
20             160       0.0            12.0           0.1       0.0003166383695569217         0.19369853077360988           
20             160       0.0            12.0           0.3       0.0018468521896362823         -0.22639236383632433          
20             160       0.0            12.0           0.5       0.0051358003912087115         -0.22553954659240605          
20             160       0.0            16.0           0.1       0.0002427371731504205         0.22013011187602305           
20             160       0.0            16.0           0.3       0.0012899195625491215         -0.27957300952425246          
20             160       0.0            16.0           0.5       0.003585535015466478          -0.279085410318179            
